     0/299     3.12G    0.1135   0.02963         0    0.1431        11       640 0.0006667       0.2  0.000639  6.39e-05   0.06922   0.02323         0
     1/299     3.18G    0.1099   0.02935         0    0.1393        14       640 0.0006667       0.2  0.000639  6.39e-05   0.06717   0.02293         0
     2/299     3.18G    0.1059   0.02615         0     0.132         8       640 0.0006667       0.2  0.000639 0.0001278   0.06656   0.02288         0
     3/299     3.18G     0.107   0.02778         0    0.1348        11       640 0.0006667       0.2 0.0002256 6.769e-05   0.06331   0.02267         0
     4/299     3.18G   0.08813   0.02538         0    0.1135         7       640     0.002       0.6  0.001322 0.0001593   0.05976   0.02245         0
     5/299     3.18G    0.1016   0.02983         0    0.1314        11       640  0.002667       0.8  0.002299 0.0003014   0.05645   0.02224         0
     6/299     3.18G   0.09782   0.02564         0    0.1235         6       640  0.002164       0.5  0.001424 0.0001855   0.05241   0.02222         0
     7/299     3.18G   0.09217   0.02868         0    0.1208        14       640  0.003167       0.7  0.002373 0.0003111   0.04907   0.02216         0
     8/299     3.18G   0.08756    0.0292         0    0.1168        11       640  0.003167       0.7  0.002755 0.0003796   0.04705   0.02193         0
     9/299     3.18G   0.08123   0.03018         0    0.1114        13       640  0.003167       0.7  0.002573  0.000354   0.04621   0.02152         0
    10/299     3.18G   0.06833    0.0249         0   0.09323         6       640  0.003167       0.7  0.003487 0.0004692   0.04592   0.02108         0
    11/299     3.18G   0.08358   0.02448         0    0.1081         7       640  0.003301       0.7  0.002573  0.000354   0.04483   0.02083         0
    12/299     3.18G   0.07624   0.02663         0    0.1029         7       640  0.003167       0.7  0.002723 0.0004135   0.04442   0.02054         0
    13/299     3.18G   0.07866   0.03055         0    0.1092        14       640  0.003167       0.7   0.00265 0.0003724   0.04317   0.02046         0
    14/299     3.18G   0.07089   0.02172         0   0.09261         7       640  0.003181       0.7   0.00365  0.001119   0.04238   0.02032         0
    15/299     3.18G   0.07518   0.02654         0    0.1017         9       640  0.003167       0.7  0.002386 0.0003609   0.04227   0.02006         0
    16/299     3.18G    0.0757   0.02521         0    0.1009         8       640  0.003167       0.7  0.002764 0.0003798   0.04189   0.01986         0
    17/299     3.18G   0.07104   0.02626         0   0.09731        10       640  0.003167       0.7   0.00259 0.0003789   0.04142   0.01971         0
    18/299     3.18G   0.07391   0.02831         0    0.1022        13       640  0.003166       0.7  0.002395 0.0003844   0.04045   0.01969         0
    19/299     3.18G   0.07286   0.02562         0   0.09848        10       640  0.003167       0.7  0.002503 0.0004147    0.0403   0.01955         0
    20/299     3.18G   0.07548   0.02444         0   0.09992         9       640  0.003167       0.7  0.002608 0.0004091   0.03958   0.01948         0
    21/299     3.18G   0.07131   0.02448         0    0.0958         9       640  0.003167       0.7   0.00281 0.0004315   0.03963   0.01933         0
    22/299     3.18G   0.06593   0.02497         0    0.0909         9       640  0.003166       0.7  0.002389 0.0003923   0.03913    0.0193         0
    23/299     3.18G   0.06105    0.0242         0   0.08525         9       640  0.003181       0.7  0.003155 0.0009552   0.03898   0.01921         0
    24/299     3.18G   0.06706   0.02469         0   0.09175         9       640  0.003167       0.7  0.002895 0.0004533   0.03912   0.01906         0
    25/299     3.18G   0.07233   0.02304         0   0.09536        10       640  0.003181       0.7  0.002707 0.0009217   0.03887   0.01897         0
    26/299     3.18G    0.0696   0.02935         0   0.09895        13       640  0.003181       0.7  0.002606 0.0008384   0.04011   0.01863         0
    27/299     3.18G   0.07322   0.02257         0    0.0958         8       640  0.003167       0.7  0.002494 0.0003668   0.04053   0.01845         0
    28/299     3.18G   0.07474   0.02734         0    0.1021        11       640  0.003182       0.7  0.002883 0.0006925   0.04258     0.018         0
    29/299     3.18G   0.07213   0.02938         0    0.1015        13       640  0.002667       0.8  0.002891 0.0004019   0.04342   0.01779         0
    30/299     3.18G   0.06923   0.03349         0    0.1027        16       640  0.003029       0.7  0.003094 0.0005326   0.04462   0.01751         0
    31/299     3.18G    0.0767   0.02491         0    0.1016        12       640  0.003029       0.7  0.003198  0.000643   0.04463   0.01748         0
    32/299     3.18G    0.0595   0.02589         0   0.08539        10       640  0.003043       0.7  0.003409 0.0005919    0.0451   0.01736         0
    33/299     3.18G    0.0711   0.03051         0    0.1016        17       640  0.003166       0.7  0.002617  0.000631   0.04356   0.01765         0
    34/299     3.18G   0.07154   0.02884         0    0.1004        15       640  0.003207       0.7  0.002862 0.0006747   0.04389   0.01753         0
    35/299     3.18G   0.07493   0.02985         0    0.1048        15       640  0.003181       0.7  0.002744 0.0006518    0.0445   0.01733         0
    36/299     3.18G   0.06609   0.02453         0   0.09062        10       640  0.003181       0.7  0.002631 0.0006501   0.04462   0.01724         0
    37/299     3.18G   0.07064   0.02566         0    0.0963        10       640  0.003333       0.7  0.002855 0.0007534   0.04513    0.0171         0
    38/299     3.18G   0.06747   0.02617         0   0.09364        10       640  0.003298       0.7  0.002835 0.0006691   0.04529   0.01703         0
    39/299     3.18G   0.05756   0.02627         0   0.08383         9       640  0.003333       0.7  0.002897 0.0006757   0.04503   0.01704         0
    40/299     3.18G   0.07577   0.02193         0    0.0977         7       640  0.003182       0.7  0.002647 0.0006297   0.04553   0.01692         0
    41/299     3.18G   0.07427   0.02496         0   0.09923        10       640  0.003472       0.7  0.003076  0.000762   0.04514   0.01695         0
    42/299     3.18G   0.06324   0.03211         0   0.09536        14       640  0.003465       0.7  0.002767 0.0007059   0.04485   0.01694         0
    43/299     3.18G   0.07629    0.0193         0   0.09559         7       640  0.003179       0.7   0.00271 0.0007561   0.04308   0.01724         0
    44/299     3.18G   0.06958   0.03029         0   0.09987        15       640   0.00318       0.7  0.002797 0.0008529   0.04229   0.01732         0
    45/299     3.18G   0.07067   0.02113         0    0.0918         6       640  0.003195       0.7   0.00249 0.0007144   0.04304   0.01713         0
    46/299     3.18G   0.06039   0.02147         0   0.08186         6       640   0.00342       0.7  0.002592 0.0008958   0.04198   0.01729         0
    47/299     3.18G    0.0713   0.02376         0   0.09505        10       640  0.003222       0.7  0.002958 0.0009288   0.04119    0.0174         0
    48/299     3.18G   0.06373   0.02586         0   0.08958        10       640  0.003268       0.7  0.002503 0.0007414   0.04044    0.0175         0
    49/299     3.18G   0.06728   0.02337         0   0.09065         8       640  0.003327       0.7  0.002686 0.0008615   0.04064   0.01742         0
    50/299     3.18G   0.07074   0.02558         0   0.09632        11       640  0.003319       0.7  0.002503 0.0007984   0.04189   0.01718         0
    51/299     3.18G   0.06793   0.02621         0   0.09415        10       640   0.00334       0.7  0.002531 0.0008294   0.04321   0.01691         0
    52/299     3.18G   0.07095   0.02334         0    0.0943        10       640  0.003463       0.7  0.003104  0.001192   0.04324    0.0169         0
    53/299     3.18G   0.06583   0.02409         0   0.08993         9       640  0.003336       0.7  0.002885  0.000871   0.04215   0.01708         0
    54/299     3.18G    0.0574   0.02024         0   0.07763         6       640  0.003436       0.7  0.003206 0.0007835   0.04107   0.01725         0
    55/299     3.18G   0.07335   0.02264         0     0.096         9       640  0.003596       0.9  0.003964 0.0007462   0.04148   0.01715         0
    56/299     3.18G   0.05527   0.02929         0   0.08455        13       640  0.003411       0.7  0.002606 0.0008862   0.04104   0.01721         0
    57/299     3.18G   0.06554   0.02345         0   0.08899         7       640  0.003413       0.7   0.00286 0.0006519   0.04198   0.01698         0
    58/299     3.18G    0.0667    0.0197         0    0.0864         7       640   0.00338       0.7  0.002704 0.0008044   0.04253   0.01683         0
    59/299     3.18G   0.05687   0.02906         0   0.08593        11       640  0.003453       0.7  0.002595 0.0006076   0.04299   0.01669         0
    60/299     3.18G    0.0696   0.02471         0   0.09431        10       640  0.003507       0.7  0.002894 0.0007019   0.04273   0.01673         0
    61/299     3.18G   0.06904    0.0247         0   0.09374         9       640  0.003542       0.7  0.003447 0.0009813   0.04285   0.01671         0
    62/299     3.18G   0.08122    0.0215         0    0.1027        10       640  0.003507       0.7  0.004878  0.001052   0.04324   0.01666         0
    63/299     3.18G    0.0697   0.02913         0   0.09882        13       640  0.003582       0.7  0.003282 0.0008642   0.04346   0.01663         0
    64/299     3.18G   0.06012   0.02446         0   0.08458         9       640  0.003637       0.7  0.004333 0.0006303   0.04379   0.01655         0
    65/299     3.18G   0.07571   0.02486         0    0.1006        12       640  0.003628       0.7  0.005159 0.0007154   0.04383   0.01654         0
    66/299     3.18G   0.07567   0.02936         0     0.105        16       640  0.003722       0.7  0.004852  0.001077   0.04432   0.01645         0
    67/299     3.18G   0.07125   0.02959         0    0.1008        15       640  0.003649       0.7  0.003397 0.0009663   0.04481   0.01636         0
    68/299     3.18G   0.06543   0.02638         0   0.09181        11       640  0.003831       0.7  0.005074 0.0008527   0.04415   0.01647         0
    69/299     3.18G   0.06839   0.02565         0   0.09404        12       640  0.003875       0.7  0.004749 0.0006947   0.04436   0.01637         0
    70/299     3.18G   0.08338    0.0226         0     0.106        10       640  0.003974       0.7  0.005594 0.0007714   0.04472   0.01629         0
    71/299     3.18G   0.07418   0.02307         0   0.09726         9       640  0.003965       0.6  0.004269 0.0007999   0.04411    0.0164         0
    72/299     3.18G   0.08455   0.01913         0    0.1037         6       640  0.003989       0.2  0.003907 0.0007178   0.04338   0.01651         0
    73/299     3.18G   0.06294   0.02093         0   0.08387         7       640  0.004288       0.2  0.005294 0.0008764   0.04333   0.01647         0
    74/299     3.18G   0.07183     0.022         0   0.09383         8       640   0.00324       0.9   0.00378 0.0009271   0.04388   0.01635         0
    75/299     3.18G   0.05811   0.02361         0   0.08172         9       640  0.003256       0.9  0.004474 0.0009323   0.04441   0.01623         0
    76/299     3.18G   0.07075   0.02114         0   0.09189         8       640  0.003467       0.7  0.003947 0.0007339   0.04479   0.01616         0
    77/299     3.18G   0.06543   0.02243         0   0.08786         7       640  0.003581       0.7  0.004722 0.0007784   0.04449    0.0162         0
    78/299     3.18G   0.06802   0.02447         0   0.09249        10       640  0.003552       0.7  0.004873  0.001033   0.04364   0.01633         0
    79/299     3.18G   0.08024   0.02341         0    0.1036        12       640  0.003732       0.7  0.004465 0.0005981   0.04257   0.01657         0
    80/299     3.18G   0.06136   0.02084         0    0.0822         6       640  0.003633       0.7  0.005443  0.000784   0.04222   0.01661         0
    81/299     3.18G   0.06638   0.02795         0   0.09433        13       640  0.003735       0.7  0.005513 0.0007914   0.04188   0.01665         0
    82/299     3.18G   0.06553   0.02413         0   0.08965        10       640  0.003702       0.7  0.005396 0.0009181   0.04219   0.01655         0
    83/299     3.18G   0.07244   0.02784         0    0.1003        15       640  0.003947       0.9  0.006066 0.0008825   0.04177    0.0166         0
    84/299     3.18G   0.07082   0.02408         0    0.0949         8       640  0.003806       0.7  0.004777 0.0009031   0.04203   0.01653         0
    85/299     3.18G   0.06863   0.02019         0   0.08882         8       640  0.004357       0.8  0.006965  0.001133   0.04043   0.01683         0
    86/299     3.18G   0.07288    0.0313         0    0.1042        17       640  0.003935       0.7  0.005277  0.001246   0.04101   0.01668         0
    87/299     3.18G   0.06071   0.02111         0   0.08182         7       640   0.01015       0.3  0.006909  0.001276   0.04259   0.01633         0
    88/299     3.18G   0.05697   0.02417         0   0.08114        10       640   0.01147       0.4  0.007114  0.001198   0.04246   0.01636         0
    89/299     3.18G   0.07073   0.02323         0   0.09396         8       640  0.009809       0.4  0.006614  0.001301   0.04244   0.01634         0
    90/299     3.18G   0.06744   0.03014         0   0.09757        15       640  0.005809       0.4  0.006475  0.001266   0.04233   0.01638         0
    91/299     3.18G   0.06951   0.02704         0   0.09655        14       640  0.006855       0.4  0.009723  0.002081   0.04208   0.01645         0
    92/299     3.18G   0.06916   0.02198         0   0.09114         8       640   0.00769       0.4  0.007968  0.001479   0.04304   0.01623         0
    93/299     3.18G   0.05673   0.02203         0   0.07877         8       640  0.006335       0.3  0.006408  0.001236   0.04321    0.0162         0
    94/299     3.18G   0.06639   0.03207         0   0.09847        14       640  0.005723       0.3  0.005909 0.0009425    0.0436   0.01612         0
    95/299     3.18G    0.0657   0.02503         0   0.09074         8       640  0.006767       0.3  0.005424 0.0008691   0.04407   0.01603         0
    96/299     3.18G   0.06552     0.027         0   0.09252        12       640   0.00341       0.7  0.005919  0.001015   0.04433   0.01595         0
    97/299     3.18G   0.06501   0.02538         0   0.09039        12       640  0.003598       0.7  0.005312  0.001131   0.04332   0.01615         0
    98/299     3.18G    0.0688   0.02643         0   0.09523        12       640  0.003649       0.7   0.00595  0.001322   0.04223   0.01636         0
    99/299     3.18G   0.07217   0.02232         0   0.09449         9       640   0.00356       0.7   0.00598 0.0008962   0.04239   0.01629         0
   100/299     3.18G   0.08061   0.01942         0       0.1         8       640  0.003473       0.7  0.006497  0.001914   0.04292   0.01622         0
   101/299     3.18G   0.06137   0.02226         0   0.08364         8       640  0.003366       0.7  0.006318  0.000996   0.04392   0.01604         0
   102/299     3.18G   0.05987   0.02274         0   0.08262         9       640  0.003741       0.1  0.005559  0.001171   0.04395   0.01606         0
   103/299     3.18G   0.07052   0.02131         0   0.09183         9       640  0.003976       0.8  0.004576 0.0008106   0.04312   0.01621         0
   104/299     3.18G    0.0714   0.02572         0   0.09712        11       640  0.003928       0.8  0.005437 0.0009866   0.04311   0.01619         0
   105/299     3.18G   0.06591   0.02527         0   0.09117        10       640  0.003944       0.8  0.005421  0.001307   0.04295   0.01623         0
   106/299     3.18G   0.06021   0.02958         0   0.08979        12       640   0.00612       0.1  0.005719 0.0009228   0.04279   0.01622         0
   107/299     3.18G   0.06628   0.02703         0   0.09331        11       640  0.003105       0.8  0.007127  0.002019   0.04416   0.01592         0
   108/299     3.18G   0.06934   0.02449         0   0.09382        11       640    0.1997       0.1   0.02777  0.003304   0.04635   0.01529         0
   109/299     3.18G   0.06306   0.03139         0   0.09445        14       640  0.007536       0.4  0.006807  0.001415   0.04655   0.01516         0
   110/299     3.18G   0.06852   0.02629         0   0.09481        12       640    0.0118       0.7  0.009668  0.001773   0.04716   0.01494         0
   111/299     3.18G   0.06341   0.02747         0   0.09088        12       640   0.01063       0.7   0.01047  0.002401   0.04617    0.0151         0
   112/299     3.18G   0.07542   0.02307         0   0.09849         9       640   0.01017       0.8    0.0125  0.002217   0.04733   0.01497         0
   113/299     3.18G   0.06574   0.02897         0   0.09471        12       640  0.009795       0.6   0.01567  0.002724   0.05084   0.01415         0
   114/299     3.18G   0.06595   0.02352         0   0.08947        10       640    0.0114       0.7   0.01524  0.002662   0.05036   0.01428         0
   115/299     3.18G   0.05331   0.02143         0   0.07474         8       640  0.009368       0.7   0.01092  0.001911   0.04968   0.01444         0
   116/299     3.18G    0.0725   0.02295         0   0.09544        11       640  0.007816       0.7  0.008307  0.001373   0.04958   0.01459         0
   117/299     3.18G   0.06746   0.02202         0   0.08948         9       640  0.006251       0.7  0.006144  0.001256   0.05111   0.01453         0
   118/299     3.18G   0.05553   0.01996         0    0.0755         5       640  0.006363       0.7  0.007586  0.001484   0.04782   0.01503         0
   119/299     3.18G    0.0557   0.02494         0   0.08063         9       640   0.00778       0.8   0.01283  0.002958   0.04721   0.01503         0
   120/299     3.18G   0.06471   0.03275         0   0.09746        14       640   0.01267       0.6   0.01097  0.002183    0.0482   0.01478         0
   121/299     3.18G   0.06645   0.03182         0   0.09827        17       640  0.006808       0.7   0.00618 0.0009944   0.04895   0.01491         0
   122/299     3.18G   0.05535   0.02031         0   0.07566         7       640   0.01081       0.6  0.009707  0.001576   0.04437    0.0152         0
   123/299     3.18G   0.06265   0.02676         0   0.08941        11       640   0.04704    0.6171   0.04325   0.01084   0.04453   0.01462         0
   124/299     3.18G   0.05672   0.02332         0   0.08004        10       640    0.1026       0.6   0.08832   0.01428   0.04168   0.01488         0
   125/299     3.18G   0.06657   0.02595         0   0.09252        12       640   0.07884       0.4   0.05941   0.01351   0.04671   0.01356         0
   126/299     3.18G   0.06612   0.03152         0   0.09764        16       640   0.09701       0.3   0.06887   0.02283   0.04295    0.0145         0
   127/299     3.18G   0.07122   0.02524         0   0.09646        14       640   0.09935       0.4   0.08006   0.02452   0.04486   0.01394         0
   128/299     3.18G   0.06094   0.02549         0   0.08643        11       640    0.1096       0.4   0.08559   0.02713   0.04496   0.01369         0
   129/299     3.18G   0.06127   0.03166         0   0.09293        15       640    0.1689       0.2   0.08462    0.0321   0.04258   0.01389         0
   130/299     3.18G   0.06311   0.03182         0   0.09493        17       640     0.325   0.09749   0.09082   0.03035   0.04144   0.01351         0
   131/299     3.18G   0.05661   0.02632         0   0.08293        12       640    0.1594       0.1   0.05934     0.026   0.04441   0.01311         0
   132/299     3.18G   0.05698   0.02431         0   0.08129         9       640    0.1275       0.4   0.09234    0.0124   0.04913   0.01213         0
   133/299     3.18G   0.06173   0.02531         0   0.08705        10       640     0.132       0.2   0.07763   0.02969   0.04661   0.01254         0
   134/299     3.18G   0.06656   0.02281         0   0.08937         9       640   0.07986       0.6   0.06094   0.01392   0.04725   0.01242         0
   135/299     3.18G   0.05787   0.01905         0   0.07692         8       640    0.3332       0.1   0.08782   0.04377   0.04341   0.01281         0
   136/299     3.18G   0.07107   0.02451         0   0.09559        13       640    0.1361       0.4    0.1194   0.02341   0.04246   0.01318         0
   137/299     3.18G   0.05714   0.02827         0   0.08541        15       640    0.1077       0.4   0.07894  0.008994   0.04274   0.01263         0
   138/299     3.18G   0.05367   0.02005         0   0.07372         8       640    0.1071       0.3   0.07908   0.01067   0.04422   0.01423         0
   139/299     3.18G   0.06171    0.0206         0   0.08231         8       640   0.03308       0.5   0.02429  0.005028   0.04316   0.01438         0
   140/299     3.18G   0.05607   0.01797         0   0.07404         7       640    0.1047       0.6   0.07433   0.01051   0.05423   0.01311         0
   141/299     3.18G   0.06429   0.02527         0   0.08956        13       640    0.1649       0.2   0.07629   0.02223   0.04644   0.01299         0
   142/299     3.18G     0.056   0.02697         0   0.08297        12       640     0.122       0.6    0.0829   0.02842    0.0434   0.01406         0
   143/299     3.18G   0.06694   0.02654         0   0.09347        15       640    0.1247       0.5   0.08217   0.03039   0.04169   0.01558         0
   144/299     3.18G   0.05595   0.02408         0   0.08003         9       640   0.08983       0.5   0.06222   0.01347   0.04722   0.01831         0
   145/299     3.18G   0.06207   0.01871         0   0.08077         6       640   0.09371       0.3    0.0491   0.01314   0.04248    0.0178         0
   146/299     3.18G   0.06221   0.02068         0   0.08289        10       640    0.1424       0.3   0.08703    0.0136    0.0465   0.01493         0
   147/299     3.18G   0.06515   0.02004         0   0.08519         9       640     0.128       0.5    0.1058    0.0289   0.03739   0.01382         0
   148/299     3.18G   0.05031   0.02016         0   0.07047         9       640    0.2176       0.2     0.118   0.03356   0.03187   0.01561         0
   149/299     3.18G   0.05155   0.01795         0    0.0695         8       640    0.1549       0.5    0.1301   0.03309   0.03527   0.01486         0
   150/299     3.18G   0.06891   0.01765         0   0.08656         8       640   0.06646       0.3   0.04015   0.01235   0.04118   0.01477         0
   151/299     3.18G   0.05208   0.02575         0   0.07783        11       640    0.1215       0.5   0.07463   0.02372   0.03968   0.01665         0
   152/299     3.18G   0.06422   0.02006         0   0.08428        10       640    0.1584    0.4895   0.09613   0.02738   0.03906   0.01578         0
   153/299     3.18G   0.06674   0.02359         0   0.09033        13       640   0.02456       0.5   0.01566  0.003369   0.04541   0.01917         0
   154/299     3.18G   0.07088   0.01748         0   0.08836         9       640    0.1103       0.3   0.07087   0.01334   0.04891   0.01483         0
   155/299     3.18G   0.05161   0.02289         0    0.0745        14       640   0.04174       0.7   0.03133  0.006881   0.04556   0.01549         0
   156/299     3.18G   0.05774   0.02189         0   0.07963        12       640   0.02706       0.8    0.0234   0.00579   0.04247   0.01779         0
   157/299     3.18G   0.04933   0.01759         0   0.06692         6       640   0.08314       0.7   0.06571   0.02671   0.04135   0.01568         0
   158/299     3.18G   0.04749    0.0165         0   0.06399         6       640     0.038       0.5   0.02266  0.005642   0.05025   0.01857         0
   159/299     3.18G   0.06436   0.02303         0   0.08739        11       640   0.06083       0.7   0.04581   0.01086   0.04666   0.01811         0
   160/299     3.18G   0.05511   0.02252         0   0.07763        12       640   0.03411       0.4   0.02714  0.006093    0.0484   0.01483         0
   161/299     3.18G   0.06241   0.02059         0     0.083        12       640    0.2477       0.6    0.1731   0.04974   0.04654   0.01728         0
   162/299     3.18G   0.05993   0.01585         0   0.07578         5       640    0.2763       0.7    0.1982   0.07514   0.04308   0.01605         0
   163/299     3.18G   0.05633   0.02803         0   0.08436        14       640    0.4421       0.4    0.2654    0.1114   0.04805   0.01475         0
   164/299     3.18G   0.06128   0.02236         0   0.08364         8       640    0.3973    0.5937    0.2687    0.1101   0.04338   0.01386         0
   165/299     3.18G   0.04932   0.02608         0    0.0754        12       640    0.4563       0.6    0.3109    0.1468   0.04853   0.01281         0
   166/299     3.18G   0.05187   0.02784         0   0.07971        14       640    0.5544       0.5    0.3582     0.158   0.04618   0.01282         0
   167/299     3.18G   0.05306   0.02574         0    0.0788        14       640     0.193       0.6    0.1366   0.04035   0.04793   0.01198         0
   168/299     3.18G   0.06226   0.02221         0   0.08447        14       640    0.6648    0.5954    0.4646    0.1396   0.05036   0.01303         0
   169/299     3.18G   0.05253   0.02454         0   0.07707        12       640    0.1024       0.6   0.08152   0.02267   0.04449   0.01205         0
   170/299     3.18G    0.0542   0.02212         0   0.07633        11       640    0.2135       0.6    0.1482   0.03877   0.04712   0.01369         0
   171/299     3.18G   0.05067    0.0245         0   0.07517        12       640   0.09192       0.7     0.067   0.02593   0.04427   0.01746         0
   172/299     3.18G   0.04811   0.02288         0   0.07099        11       640    0.0929       0.7    0.0669   0.02096   0.04584   0.01633         0
   173/299     3.18G   0.05656   0.01992         0   0.07649        10       640   0.04996       0.7   0.03707   0.01543   0.05122   0.02247         0
   174/299     3.18G   0.04435   0.01803         0   0.06237         8       640   0.02901       0.6   0.02319  0.006022   0.04389    0.0228         0
   175/299     3.18G   0.05293   0.02086         0    0.0738        10       640   0.04345       0.7   0.03389   0.01208   0.04545   0.02596         0
   176/299     3.18G   0.05497   0.01839         0   0.07336         8       640    0.0583       0.7   0.04186    0.0166   0.04768   0.02105         0
   177/299     3.18G   0.05244   0.02356         0   0.07601        12       640   0.02195       0.6   0.01946  0.004916   0.04526   0.02818         0
   178/299     3.18G   0.05145   0.01902         0   0.07047         9       640   0.01065       0.8  0.008541  0.001724   0.04876    0.0291         0
   179/299     3.18G   0.04725   0.01711         0   0.06436         6       640   0.01145       0.7   0.00898  0.002591   0.04433   0.03501         0
   180/299     3.18G   0.04696   0.02689         0   0.07385        15       640   0.07757       0.7   0.05602   0.01785    0.0467   0.02229         0
   181/299     3.18G   0.04979    0.0208         0   0.07059        11       640    0.5442       0.6    0.3499    0.1183   0.04962   0.02024         0
   182/299     3.18G   0.05482   0.02065         0   0.07547        10       640    0.2109    0.6952    0.1523   0.03646   0.04227   0.01847         0
   183/299     3.18G   0.05365   0.02748         0   0.08114        16       640    0.1535       0.6    0.1078   0.02664   0.04482   0.02004         0
   184/299     3.18G   0.04427   0.01475         0   0.05902         5       640    0.4278    0.5981    0.2991    0.1381   0.04078   0.02018         0
   185/299     3.18G   0.04942   0.02562         0   0.07504        14       640    0.4635       0.7    0.3469    0.1539   0.03946   0.01933         0
   186/299     3.18G   0.05119   0.02217         0   0.07336        12       640    0.8535       0.6    0.6556    0.2283   0.04177   0.02326         0
   187/299     3.18G   0.04952   0.01794         0   0.06745         5       640    0.1881       0.4    0.1256   0.04369   0.03972   0.02886         0
   188/299     3.18G   0.05332   0.02164         0   0.07496        11       640    0.1398       0.7   0.09806   0.04449   0.04253   0.03683         0
   189/299     3.18G   0.04827   0.02355         0   0.07181        13       640   0.07116       0.4   0.04317   0.01483   0.04443   0.03299         0
   190/299     3.18G   0.04336   0.02014         0    0.0635        10       640   0.08953       0.6   0.06311   0.03116   0.04085   0.02245         0
   191/299     3.18G   0.04226   0.01782         0   0.06008        10       640   0.02466       0.5   0.01758  0.003639   0.04482    0.0228         0
   192/299     3.18G   0.04298   0.01648         0   0.05947         5       640   0.06889       0.6   0.04968    0.0242   0.04065   0.01629         0
   193/299     3.18G   0.04407   0.01725         0   0.06133         6       640    0.0568       0.5   0.03873   0.01147   0.04545   0.01734         0
   194/299     3.18G   0.05576   0.01892         0   0.07468         9       640   0.07402       0.6    0.0609   0.01883   0.04275   0.02068         0
   195/299     3.18G   0.05343   0.02254         0   0.07597        14       640   0.04626       0.4   0.03051  0.005069   0.04826   0.01816         0
   196/299     3.18G   0.05023   0.02259         0   0.07283        13       640   0.06222       0.6   0.04737   0.02566   0.03811   0.02131         0
   197/299     3.18G   0.04789   0.02095         0   0.06883        10       640    0.2173       0.5    0.1509   0.03267   0.04399   0.01752         0
   198/299     3.18G    0.0412   0.01855         0   0.05975         8       640    0.6639       0.6    0.5449    0.1704   0.03987   0.01934         0
   199/299     3.18G   0.03773   0.01797         0   0.05569         7       640     0.437       0.7    0.4058    0.1932   0.03943   0.02647         0
   200/299     3.18G   0.04873   0.01662         0   0.06534         9       640    0.3055       0.4    0.1966   0.09214   0.03851   0.02186         0
   201/299     3.18G   0.05597   0.01743         0   0.07339         6       640    0.0801       0.7   0.06743   0.03266   0.03864   0.03666         0
   202/299     3.18G   0.05062   0.02167         0   0.07228        11       640    0.1428       0.5    0.1077   0.05466   0.03597   0.03817         0
   203/299     3.18G    0.0436    0.0176         0    0.0612         9       640    0.2185    0.6992    0.1849    0.1092   0.03593   0.02259         0
   204/299     3.18G   0.05336   0.01909         0   0.07245        10       640    0.1666       0.6     0.148   0.06077   0.04076    0.0191         0
   205/299     3.18G   0.04539   0.01728         0   0.06268         7       640   0.08735       0.7   0.06958   0.03355   0.03572   0.01834         0
   206/299     3.18G   0.04527    0.0204         0   0.06568        11       640   0.06717       0.8   0.06215   0.02117   0.03957   0.01526         0
   207/299     3.18G   0.05161   0.02167         0   0.07328        12       640   0.02244       0.5   0.02003  0.007783   0.03615   0.02234         0
   208/299     3.18G   0.04034   0.01663         0   0.05697        10       640   0.01521       0.7   0.01378   0.00348   0.03504   0.03235         0
   209/299     3.18G   0.04173   0.01893         0   0.06065         9       640   0.04225       0.7   0.03381   0.01826    0.0339   0.02126         0
   210/299     3.18G   0.04424   0.02179         0   0.06603        12       640   0.07861       0.7   0.07668   0.02714   0.03148   0.01895         0
   211/299     3.18G   0.04802   0.01859         0    0.0666        10       640    0.3836       0.5    0.2439    0.1358   0.03332   0.01953         0
   212/299     3.18G   0.04797   0.02112         0    0.0691        13       640    0.1166       0.7   0.09474   0.04602   0.02917   0.02123         0
   213/299     3.18G   0.04921   0.01902         0   0.06823         9       640   0.08841       0.7   0.08214   0.02446   0.03547   0.02023         0
   214/299     3.18G    0.0452   0.02098         0   0.06618        11       640     0.111       0.7    0.1073   0.04291   0.03098   0.01749         0
   215/299     3.18G      0.05   0.02196         0   0.07196        13       640   0.06322    0.4994   0.05132   0.02265   0.02951   0.01716         0
   216/299     3.18G   0.04499   0.02485         0   0.06984        14       640   0.06936       0.6    0.0621   0.02001   0.02967    0.0274         0
   217/299     3.18G   0.04846    0.0182         0   0.06667        10       640    0.1523       0.6    0.1383   0.05623   0.03269   0.02477         0
   218/299     3.18G   0.04587   0.02175         0   0.06762        14       640    0.1814       0.4    0.1296   0.05331   0.03299   0.02033         0
   219/299     3.18G   0.05331   0.01881         0   0.07211         9       640    0.4439       0.4    0.3451    0.2157   0.02935   0.01572         0
   220/299     3.18G   0.04823   0.02325         0   0.07148        16       640    0.2993    0.2991    0.1942   0.07469   0.03388   0.01465         0
   221/299     3.18G   0.04705   0.02443         0   0.07149        18       640   0.08381       0.6   0.06839   0.04615   0.02935   0.01428         0
   222/299     3.18G   0.04899   0.02078         0   0.06977        13       640     0.666     0.399    0.4199    0.2595   0.03074   0.01459         0
   223/299     3.18G   0.04539   0.01689         0   0.06228         6       640    0.1905       0.4    0.1253   0.06115   0.03741   0.02268         0
   224/299     3.18G   0.04248   0.01978         0   0.06227        12       640   0.09722    0.5924   0.08439   0.03741   0.03187   0.01537         0
   225/299     3.18G   0.05076   0.01693         0   0.06769         9       640   0.06513    0.6968   0.05866   0.02605   0.02936   0.01932         0
   226/299     3.18G    0.0357   0.01897         0   0.05467        10       640    0.1608       0.5    0.1182   0.05247   0.03444   0.02318         0
   227/299     3.18G   0.04923   0.01706         0   0.06629         9       640     0.416    0.4988    0.2831    0.1634   0.02866    0.0258         0
   228/299     3.18G   0.04374   0.02298         0   0.06672        15       640    0.6656       0.4    0.4787    0.2906   0.03343   0.02459         0
   229/299     3.18G   0.04567   0.01924         0   0.06491        10       640    0.4545       0.5    0.3359    0.2071    0.0275   0.01732         0
   230/299     3.18G   0.04309   0.02141         0    0.0645        12       640       0.3    0.5999    0.2306    0.1337   0.03181   0.01673         0
   231/299     3.18G   0.03437   0.01573         0    0.0501         6       640    0.3528       0.6    0.3428     0.208   0.03035   0.01563         0
   232/299     3.18G   0.04574   0.01451         0   0.06025         6       640    0.5552       0.5    0.3991    0.2093   0.03267   0.01282         0
   233/299     3.18G   0.04323   0.01743         0   0.06066        11       640    0.2104    0.3997    0.1505   0.06488   0.02964   0.01239         0
   234/299     3.18G    0.0481   0.02136         0   0.06946        12       640    0.6973       0.7    0.6649    0.3601   0.02658   0.01192         0
   235/299     3.18G   0.03428   0.01757         0   0.05185         8       640    0.8749    0.6994    0.7623    0.4851   0.02738   0.01167         0
   236/299     3.18G    0.0508   0.01842         0   0.06922         8       640    0.6998    0.6994    0.6708    0.3765   0.02894   0.01363         0
   237/299     3.18G   0.04947    0.0177         0   0.06716        10       640    0.9985       0.6    0.7064    0.3504   0.03253   0.01274         0
   238/299     3.18G   0.03672   0.01659         0   0.05331         9       640         1    0.5991    0.6832    0.3344   0.02902   0.01217         0
   239/299     3.18G   0.04394   0.01796         0    0.0619         8       640    0.8569     0.599    0.5684    0.2859   0.02758   0.01237         0
   240/299     3.18G   0.04709   0.01773         0   0.06482        12       640     0.857    0.5993     0.648     0.438   0.03345   0.01226         0
   241/299     3.18G   0.04107   0.01595         0   0.05702         8       640    0.5446    0.5982    0.4339    0.3137     0.029   0.01269         0
   242/299     3.18G   0.04373   0.01802         0   0.06174        11       640    0.9996       0.6    0.6758    0.3548   0.03371   0.01235         0
   243/299     3.18G   0.04347   0.01955         0   0.06302        10       640    0.9984       0.5    0.6327    0.3312    0.0322   0.01347         0
   244/299     3.18G   0.04431   0.01768         0   0.06199         9       640    0.5997       0.6    0.4696    0.3296   0.02919   0.01322         0
   245/299     3.18G   0.03562   0.02099         0   0.05661        12       640    0.5382    0.6994    0.5155      0.31    0.0313   0.01225         0
   246/299     3.18G   0.05107   0.01626         0   0.06733         9       640    0.7772       0.7    0.6313    0.3048   0.03471   0.01507         0
   247/299     3.18G   0.03535   0.01762         0   0.05298        11       640    0.7773       0.7     0.632    0.3766   0.03433   0.01671         0
   248/299     3.18G   0.04748   0.01772         0   0.06521        10       640    0.8571    0.5996    0.6678    0.3944   0.03104   0.01395         0
   249/299     3.18G    0.0462   0.01698         0   0.06318         9       640    0.6362       0.7    0.6154    0.2566   0.03542   0.01562         0
   250/299     3.18G   0.03684   0.01836         0   0.05521         9       640    0.9981       0.6     0.688     0.442    0.0309   0.01369         0
   251/299     3.18G   0.04132   0.01941         0   0.06073        13       640    0.9992       0.5    0.5989     0.393   0.03128   0.01324         0
   252/299     3.18G   0.04304   0.02016         0    0.0632        14       640    0.2138       0.6    0.1514    0.0779   0.03414   0.02061         0
   253/299     3.18G   0.03896   0.01564         0    0.0546         9       640    0.0424    0.5978   0.02891   0.01499   0.03392   0.02864         0
   254/299     3.18G   0.04257   0.01697         0   0.05953         9       640   0.01411       0.6   0.01045  0.005134   0.03437   0.09928         0
   255/299     3.18G   0.03488    0.0173         0   0.05219         9       640   0.03324       0.6   0.02256   0.01182   0.03577   0.05776         0
   256/299     3.18G   0.04742    0.0207         0   0.06811        14       640   0.02485       0.6   0.01809  0.008748   0.03558   0.05862         0
   257/299     3.18G   0.04618   0.01777         0   0.06394        10       640   0.03331       0.7   0.02695   0.01462    0.0333   0.04421         0
   258/299     3.18G   0.04044   0.02491         0   0.06535        16       640   0.05486       0.6   0.03794   0.02566   0.02897   0.03049         0
   259/299     3.18G   0.03752   0.02062         0   0.05813        13       640    0.0905       0.5   0.06141   0.03568   0.03096   0.02242         0
   260/299     3.18G   0.04469   0.01702         0   0.06171         8       640    0.0636       0.7   0.05122    0.0324   0.03041   0.01992         0
   261/299     3.18G   0.04104    0.0183         0   0.05933        10       640    0.1146       0.7   0.09669   0.06192   0.02734    0.0174         0
   262/299     3.18G   0.04038   0.01498         0   0.05536         7       640    0.1707       0.7    0.1416   0.08788   0.03064   0.01622         0
   263/299     3.18G   0.04234   0.02545         0   0.06778        16       640    0.2492       0.5     0.194    0.1015   0.03194   0.01676         0
   264/299     3.18G   0.03853   0.01477         0    0.0533         8       640    0.2496    0.4991    0.1755     0.106   0.02683   0.01689         0
   265/299     3.18G   0.03557   0.01863         0    0.0542        12       640    0.1249       0.7   0.09763   0.05214   0.02923   0.02552         0
   266/299     3.18G    0.0414   0.01737         0   0.05877        11       640   0.09199     0.699   0.07563   0.03194   0.03376   0.02144         0
   267/299     3.18G   0.04583   0.01795         0   0.06378        11       640    0.0909       0.6   0.07335    0.0292    0.0312   0.02151         0
   268/299     3.18G   0.04673   0.01525         0   0.06198         9       640   0.05769       0.7   0.04519   0.02422   0.03163   0.01834         0
   269/299     3.18G   0.03894   0.01805         0   0.05699        11       640    0.1472    0.3972    0.1022   0.05794   0.03633   0.01876         0
   270/299     3.18G   0.05053   0.01765         0   0.06819        12       640    0.2471       0.3    0.1422   0.07603   0.03573   0.01808         0
   271/299     3.18G   0.04356   0.01528         0   0.05885        10       640   0.08637       0.4   0.05501   0.02823   0.03693   0.03184         0
   272/299     3.18G   0.03567     0.019         0   0.05467        13       640   0.04261       0.7   0.03046   0.01896   0.03503   0.06256         0
   273/299     3.18G   0.03589   0.01818         0   0.05407        11       640   0.08311       0.7    0.0613   0.03729   0.03771   0.08507         0
   274/299     3.18G   0.04412   0.01968         0    0.0638        14       640    0.0214       0.7    0.0149   0.00635   0.03895    0.1668         0
   275/299     3.18G   0.04818    0.0152         0   0.06338         7       640   0.01337       0.7   0.01019  0.006453   0.03416    0.2005         0
   276/299     3.18G   0.04517   0.01715         0   0.06231         9       640   0.02398       0.7   0.01674  0.008263   0.03793    0.1055         0
   277/299     3.18G   0.04012   0.01804         0   0.05816        12       640   0.02712       0.7   0.02026   0.01019   0.03373   0.06014         0
   278/299     3.18G   0.04766   0.01596         0   0.06362         8       640   0.01988       0.7   0.01384  0.008055   0.03766   0.07712         0
   279/299     3.18G   0.03371   0.01451         0   0.04822         8       640   0.01886       0.7   0.01467  0.007349   0.03613    0.1033         0
   280/299     3.18G   0.04529   0.02032         0   0.06561        13       640   0.01356       0.7   0.01063  0.006149   0.03192     0.131         0
   281/299     3.18G   0.03877   0.02014         0   0.05892        12       640   0.02311       0.7   0.01613  0.009314   0.03791   0.09145         0
   282/299     3.18G   0.03131   0.01282         0   0.04414         5       640   0.05589       0.6   0.03869   0.02504   0.03317   0.08558         0
   283/299     3.18G   0.03931   0.01614         0   0.05545         9       640    0.1019    0.4991   0.06826   0.03643   0.03302    0.0466         0
   284/299     3.18G   0.04193   0.01839         0   0.06032        12       640    0.1247       0.6   0.08337   0.05396   0.03279   0.02945         0
   285/299     3.18G   0.04154   0.01792         0   0.05946        14       640    0.1874       0.6     0.125   0.06303   0.03628   0.07276         0
   286/299     3.18G   0.03962   0.02275         0   0.06238        16       640    0.2601    0.5977    0.1708   0.09464   0.03354   0.08309         0
   287/299     3.18G   0.04138   0.01606         0   0.05744        10       640    0.2057       0.7    0.1581     0.101   0.03242   0.08362         0
   288/299     3.18G   0.03361   0.01608         0   0.04969         9       640    0.2271       0.5    0.1551    0.0934   0.03459    0.1551         0
   289/299     3.18G   0.03893   0.01359         0   0.05252         7       640    0.1288    0.3993   0.08041     0.054   0.03133    0.1199         0
   290/299     3.18G   0.04115   0.01807         0   0.05922        11       640   0.04838       0.6    0.0341   0.01356   0.03648    0.1567         0
   291/299     3.18G   0.04136   0.01927         0   0.06063        13       640   0.07141       0.6   0.05149    0.0336   0.02971    0.1324         0
   292/299     3.18G   0.04218    0.0149         0   0.05708         8       640    0.1579       0.6    0.1208   0.04497   0.03606    0.0943         0
   293/299     3.18G   0.04411   0.01799         0    0.0621        10       640    0.2167       0.5    0.1847    0.1444   0.02566   0.03622         0
   294/299     3.18G   0.03851   0.01494         0   0.05346        10       640    0.8747    0.6981    0.7334    0.2677   0.03193   0.02023         0
   295/299     3.18G   0.04336   0.01798         0   0.06134        10       640    0.5381       0.7    0.4776    0.3048    0.0296   0.01975         0
   296/299     3.18G   0.04154   0.01697         0   0.05851        13       640    0.6993       0.7     0.702    0.3063    0.0318   0.01541         0
   297/299     3.18G   0.03936   0.01463         0   0.05399         9       640    0.6644       0.8    0.5801    0.3268   0.02758   0.01296         0
   298/299     3.18G   0.04185   0.01641         0   0.05826        10       640    0.9973       0.5    0.6851    0.2596   0.03332   0.01133         0
   299/299     3.18G   0.04344    0.0205         0   0.06394        16       640    0.7271    0.7995    0.7115    0.4016   0.03038   0.01344         0
